# oST version 5.0 parameters


[image]

width
3280

height
2464

[stereo/left]

camera matrix
2202.863745 0.000000 1590.128941
0.000000 2203.859136 1278.766045
0.000000 0.000000 1.000000

distortion
-0.009264 -0.022871 -0.001327 0.003453 0.000000

rectification
0.999416 -0.016263 -0.030067
0.016405 0.999855 0.004485
0.029990 -0.004976 0.999538

projection
2363.595111 0.000000 1717.143692 0.000000
0.000000 2363.595111 1227.357071 0.000000
0.000000 0.000000 1.000000 0.000000
# oST version 5.0 parameters


[image]

width
3280

height
2464

[stereo/right]

camera matrix
2241.725814 0.000000 1576.336550
0.000000 2249.214964 1172.638508
0.000000 0.000000 1.000000

distortion
-0.074498 0.061376 0.001166 0.003493 0.000000

rectification
0.999255 -0.002440 -0.038521
0.002258 0.999986 -0.004776
0.038532 0.004685 0.999246

projection
2363.595111 0.000000 1717.143692 -142.215241
0.000000 2363.595111 1227.357071 0.000000
0.000000 0.000000 1.000000 0.000000
